../resized/401.png 1 -2.69088 2.59299
../resized/023.png 0 1.56119 -1.70292
../resized/146.png 1 -0.643157 0.367754
../resized/460.png 1 -1.94195 1.73069
../resized/062.png 1 -0.524455 0.367353
../resized/414.png 1 -1.1462 0.926125
../resized/091.png 0 9.698 -10.3378
../resized/529.png 0 2.40128 -2.63086
../resized/557.png 1 -0.34133 0.0119729
../resized/241.png 0 12.2262 -12.8797
../resized/137.png 1 -1.03223 0.837538
../resized/126.png 1 -1.38915 1.2189
../resized/150.png 1 -0.973152 0.722045
../resized/175.png 1 -4.2509 3.99698
../resized/578.png 0 0.550086 -0.771492
../resized/304.png 1 -1.85813 1.70092
../resized/375.png 1 -5.51387 5.14827
../resized/253.png 0 7.75711 -8.1939
../resized/455.png 1 -6.18819 5.81559
../resized/044.png 0 4.42485 -4.76309
../resized/046.png 0 8.38634 -8.85291
../resized/151.png 0 1.18045 -1.48967
../resized/164.png 1 -2.90799 2.68541
../resized/045.png 0 5.47294 -5.8511
../resized/336.png 1 -1.6442 1.47783
../resized/528.png 0 0.714638 -0.915364
../resized/462.png 1 -0.870146 0.718804
../resized/173.png 1 -3.71238 3.48764
../resized/161.png 1 -3.16597 2.92083
../resized/346.png 1 -1.72763 1.56338
../resized/530.png 0 -0.0272497 -0.187457
../resized/310.png 1 -3.90636 3.6053
../resized/548.png 1 -2.96454 2.75296
../resized/087.png 0 7.6899 -8.25334
../resized/581.png 1 -4.86541 4.54009
../resized/256.png 0 6.19549 -6.63294
../resized/132.png 1 -1.66813 1.47755
../resized/300.png 0 2.19016 -2.4376
../resized/136.png 1 -1.50851 1.30157
../resized/359.png 1 -0.95869 0.607781
../resized/019.png 0 7.22103 -7.62093
../resized/319.png 1 -4.86302 4.5648
../resized/024.png 0 0.947619 -1.09974
../resized/015.png 0 8.57673 -9.10659
../resized/201.png 0 11.2696 -11.8908
../resized/582.png 1 -4.15856 3.8473
../resized/239.png 1 -2.88236 2.6084
../resized/339.png 1 -3.10655 2.94171
../resized/246.png 0 7.09721 -7.52385
../resized/500.png 0 2.5463 -2.73616
../resized/383.png 1 -1.47075 1.18656
../resized/457.png 1 -2.5811 2.30304
../resized/178.png 1 -3.68088 3.4339
../resized/408.png 1 -6.19761 5.96844
../resized/006.png 0 4.46417 -4.82784
../resized/009.png 0 4.7515 -5.11471
../resized/461.png 0 0.78904 -1.01769
../resized/334.png 1 -0.486149 0.313365
../resized/283.png 0 6.73167 -7.13692
../resized/470.png 1 -2.15966 1.99509
../resized/034.png 1 -2.8199 2.64823
../resized/192.png 0 3.92738 -4.19897
../resized/035.png 1 -2.72618 2.55482
../resized/066.png 0 0.1152 -0.329945
../resized/600.png 0 3.11946 -3.41265
../resized/147.png 1 -3.80922 3.47508
../resized/592.png 1 -1.87762 1.64386
../resized/509.png 0 4.013 -4.41984
../resized/480.png 1 -4.38702 4.12859
../resized/577.png 1 -0.632078 0.413672
../resized/540.png 0 3.65336 -3.98446
../resized/007.png 0 1.78203 -2.04237
../resized/068.png 0 0.862266 -1.10951
../resized/492.png 1 -1.0757 0.899093
../resized/387.png 1 -1.77559 1.56623
../resized/119.png 0 0.380727 -0.61675
../resized/221.png 1 -2.52361 2.26881
../resized/081.png 0 10.5637 -11.2459
../resized/342.png 1 -3.70014 3.5096
../resized/508.png 0 4.33395 -4.70015
../resized/280.png 0 3.47553 -3.74739
../resized/525.png 0 2.03861 -2.22706
../resized/543.png 1 -3.49094 3.301
../resized/259.png 0 9.10483 -9.63518
../resized/075.png 1 -1.03796 0.838969
../resized/124.png 0 1.01567 -1.26141
../resized/193.png 0 5.36935 -5.68068
../resized/465.png 0 1.43859 -1.65657
../resized/070.png 0 1.32981 -1.56
../resized/117.png 0 2.07391 -2.34529
../resized/402.png 1 -9.17762 8.87938
../resized/382.png 1 -4.02563 3.68769
../resized/356.png 1 -4.18306 3.90591
../resized/065.png 0 1.07875 -1.3043
../resized/331.png 1 -2.83458 2.61761
../resized/084.png 0 6.5922 -7.03201
../resized/229.png 1 -2.12861 1.8763
../resized/537.png 1 -1.69176 1.51044
../resized/459.png 1 -2.82158 2.55932
../resized/328.png 1 -3.62263 3.37019
../resized/391.png 1 -4.57894 4.32999
../resized/245.png 0 6.65826 -7.07272
../resized/090.png 0 5.1978 -5.61948
../resized/273.png 0 6.01445 -6.3737
../resized/305.png 1 -0.471215 0.340101
../resized/576.png 1 -1.85471 1.66083
../resized/595.png 1 -1.94179 1.73036
../resized/421.png 1 -0.805952 0.645556
../resized/145.png 1 -1.32287 1.03978
../resized/381.png 1 -2.70488 2.38969
../resized/398.png 0 2.3231 -2.55629
../resized/333.png 0 0.576443 -0.761719
../resized/514.png 1 -1.2542 0.994467
../resized/397.png 0 4.74361 -5.03478
../resized/042.png 1 -1.20406 1.06118
../resized/318.png 1 -5.7208 5.35777
../resized/101.png 1 -3.92547 3.69145
../resized/297.png 0 3.3564 -3.65915
../resized/143.png 1 -3.09483 2.80839
../resized/486.png 0 1.23215 -1.46143
../resized/083.png 0 7.21278 -7.72113
../resized/586.png 0 4.51884 -4.82647
../resized/063.png 0 1.5875 -1.79381
../resized/585.png 1 -3.48578 3.19386
../resized/029.png 0 0.439071 -0.56668
../resized/510.png 0 2.42225 -2.74139
../resized/174.png 1 -3.57642 3.34693
../resized/103.png 1 -0.940115 0.750805
../resized/598.png 0 8.37591 -8.88157
../resized/067.png 0 1.97154 -2.19404
../resized/531.png 1 -0.346075 0.12598
../resized/564.png 0 0.410198 -0.621809
../resized/216.png 0 14.4613 -15.2076
../resized/574.png 1 -2.44583 2.15899
../resized/570.png 1 -0.728772 0.466105
../resized/140.png 0 0.653737 -0.87039
../resized/171.png 1 -2.69549 2.46554
../resized/202.png 0 14.3161 -15.09
../resized/172.png 1 -2.18224 2.0012
../resized/222.png 1 -0.82043 0.608614
../resized/515.png 1 -0.819703 0.558992
../resized/394.png 0 0.994933 -1.35024
../resized/260.png 0 4.99991 -5.31697
../resized/306.png 0 2.36539 -2.61033
../resized/565.png 0 0.671842 -0.96077
../resized/296.png 0 9.55123 -10.0528
../resized/485.png 1 -2.49663 2.25672
../resized/320.png 1 -6.86248 6.51373
../resized/176.png 1 -2.92383 2.70363
../resized/030.png 1 -3.67398 3.47672
../resized/264.png 0 2.88932 -3.10656
../resized/427.png 1 -4.31932 4.09626
../resized/416.png 1 -1.53958 1.34655
../resized/130.png 0 0.0852478 -0.284338
../resized/504.png 1 -6.42159 6.18979
../resized/516.png 1 -1.79121 1.55384
../resized/351.png 1 -4.08852 3.83932
../resized/240.png 1 -2.0321 1.79815
../resized/272.png 0 3.86222 -4.10917
../resized/315.png 1 -3.3347 3.08246
../resized/448.png 1 -5.702 5.46957
../resized/198.png 0 4.93691 -5.21445
../resized/301.png 1 -3.34342 3.13747
../resized/596.png 0 5.94702 -6.33512
../resized/289.png 0 7.93337 -8.36577
../resized/447.png 1 -3.16237 2.96402
../resized/261.png 0 3.75579 -4.00339
../resized/366.png 1 -3.40965 3.16326
../resized/196.png 0 7.78289 -8.2061
../resized/467.png 1 -4.30785 4.05384
../resized/194.png 0 5.75588 -6.0813
../resized/389.png 1 -2.57901 2.34045
../resized/463.png 1 -0.985726 0.805794
../resized/021.png 0 2.30825 -2.65479
../resized/507.png 0 3.01587 -3.33841
../resized/321.png 1 -6.00434 5.64864
../resized/165.png 1 -2.86158 2.63573
../resized/547.png 1 -7.93621 7.57139
../resized/347.png 1 -3.05095 2.8216
../resized/368.png 1 -4.85787 4.56113
../resized/458.png 1 -0.340413 0.124131
../resized/385.png 1 -0.547684 0.232443
../resized/452.png 1 -2.4438 2.19575
../resized/360.png 0 0.334124 -0.631279
../resized/326.png 0 0.170778 -0.364523
../resized/466.png 1 -2.83969 2.63475
../resized/197.png 0 5.38393 -5.69248
../resized/142.png 1 -0.903641 0.59225
../resized/139.png 1 -0.147655 -0.0879857
../resized/415.png 1 -1.38493 1.16821
../resized/432.png 1 -4.50754 4.37218
../resized/094.png 0 2.04228 -2.35349
../resized/018.png 0 3.63326 -4.01186
../resized/524.png 0 1.16403 -1.39133
../resized/027.png 1 -2.32811 2.15536
../resized/512.png 1 -2.40293 2.1742
../resized/533.png 1 -4.12809 3.94739
../resized/036.png 1 -1.38152 1.24299
../resized/420.png 1 -0.794097 0.614495
../resized/330.png 1 -2.67109 2.44
../resized/220.png 0 11.1347 -11.7863
../resized/411.png 1 -2.60569 2.37506
../resized/522.png 0 0.719252 -0.899406
../resized/488.png 0 2.09636 -2.29049
../resized/491.png 0 3.3604 -3.70824
../resized/413.png 0 0.178648 -0.507218
../resized/008.png 0 0.938745 -1.28246
../resized/096.png 0 8.04561 -8.58692
../resized/014.png 0 3.34259 -3.71155
../resized/367.png 1 -3.90099 3.66574
../resized/599.png 0 7.46759 -7.95148
../resized/428.png 1 -7.52341 7.24999
../resized/429.png 1 -7.23245 6.96309
../resized/004.png 0 1.40492 -1.70859
../resized/051.png 0 12.1547 -12.7467
../resized/292.png 0 4.85891 -5.16627
../resized/549.png 1 -4.90017 4.63239
../resized/097.png 0 7.95928 -8.50446
../resized/313.png 1 -2.87106 2.6244
../resized/184.png 0 6.73054 -7.10689
../resized/390.png 1 -2.0524 1.81743
../resized/371.png 1 -6.01301 5.61136
../resized/274.png 0 1.6775 -1.88516
../resized/080.png 1 -0.545722 0.363241
../resized/255.png 0 6.74971 -7.20251
../resized/054.png 0 4.89066 -5.23653
../resized/406.png 1 -2.25071 2.04748
../resized/037.png 1 -0.242987 0.157088
../resized/162.png 1 -2.99941 2.77604
../resized/476.png 1 -7.32783 6.95706
../resized/372.png 1 -5.70716 5.29701
../resized/538.png 0 1.52725 -1.73392
../resized/149.png 1 -3.30011 2.94276
../resized/378.png 1 -3.12047 2.90286
../resized/312.png 1 -2.76035 2.50945
../resized/556.png 1 -6.7648 6.45265
../resized/376.png 1 -4.95741 4.65363
../resized/204.png 0 13.8435 -14.5159
../resized/298.png 0 5.94564 -6.30657
../resized/355.png 1 -5.46012 5.13779
../resized/343.png 1 -1.62652 1.48174
../resized/309.png 1 -2.75442 2.50595
../resized/153.png 0 0.767171 -1.0186
../resized/224.png 1 -2.19993 1.95261
../resized/437.png 1 -3.40987 3.20082
../resized/311.png 1 -0.585544 0.354381
../resized/016.png 0 3.69716 -4.05419
../resized/254.png 0 9.09615 -9.61086
../resized/513.png 1 -1.80853 1.58978
../resized/364.png 1 -1.90549 1.70157
../resized/302.png 0 1.0382 -1.23633
../resized/033.png 1 -1.87447 1.7542
../resized/551.png 1 -4.19597 3.95248
../resized/597.png 0 2.87536 -3.25185
../resized/541.png 0 2.02904 -2.25165
../resized/177.png 1 -3.18655 2.96229
../resized/316.png 1 -2.77033 2.53255
../resized/526.png 0 1.09657 -1.24704
../resized/064.png 1 -2.69279 2.45893
../resized/125.png 0 1.40062 -1.60195
../resized/236.png 1 -2.63989 2.38386
../resized/227.png 1 -2.96583 2.68942
../resized/379.png 1 -5.93725 5.60302
../resized/550.png 1 -3.68198 3.46367
../resized/475.png 1 -3.86183 3.61039
../resized/116.png 0 1.96351 -2.21471
../resized/374.png 1 -4.781 4.43665
../resized/435.png 1 -5.13115 4.91799
../resized/511.png 0 1.8788 -2.17295
../resized/380.png 1 -4.38275 4.10928
../resized/203.png 0 13.6433 -14.3235
../resized/170.png 1 -1.7333 1.61077
../resized/519.png 0 4.76276 -5.14234
../resized/558.png 0 0.58242 -0.913108
../resized/218.png 0 14.0563 -14.8009
../resized/438.png 1 -5.00145 4.741
../resized/129.png 0 1.14091 -1.38877
../resized/131.png 1 -0.374472 0.157017
../resized/340.png 1 -2.59241 2.41972
../resized/323.png 1 -1.04347 0.833108
../resized/335.png 1 -3.31942 3.12949
../resized/560.png 1 -1.67509 1.28163
../resized/553.png 1 -5.71727 5.41863
../resized/552.png 1 -4.76817 4.43165
../resized/444.png 1 -6.51822 6.24757
../resized/291.png 0 2.96625 -3.2461
../resized/144.png 1 -3.60877 3.29434
../resized/093.png 0 4.04256 -4.4049
../resized/443.png 1 -3.99985 3.80003
../resized/483.png 1 -2.93157 2.65895
../resized/308.png 0 4.82079 -5.23495
../resized/426.png 1 -3.08053 2.86047
../resized/554.png 1 -2.92002 2.63505
../resized/267.png 0 4.44727 -4.73784
../resized/234.png 1 -2.54858 2.28983
../resized/327.png 1 -4.91264 4.6457
../resized/532.png 1 -3.0474 2.88119
../resized/542.png 1 -2.10702 1.9352
../resized/501.png 1 -0.898309 0.673034
../resized/348.png 1 -2.64722 2.44729
../resized/572.png 1 -2.27715 1.98946
../resized/358.png 1 -0.211495 -0.108316
../resized/498.png 0 1.79722 -1.97865
../resized/456.png 1 -2.12984 1.91021
../resized/206.png 0 13.6963 -14.4193
../resized/043.png 0 6.14716 -6.54299
../resized/417.png 1 -1.95491 1.77522
../resized/238.png 1 -3.32329 3.05195
../resized/404.png 1 -1.82328 1.71513
../resized/561.png 0 0.520904 -0.941069
../resized/332.png 1 -0.581864 0.40591
../resized/199.png 0 7.13836 -7.52839
../resized/275.png 0 2.10452 -2.30273
../resized/544.png 1 -2.1091 1.95111
../resized/123.png 1 -1.2134 1.04156
../resized/546.png 1 -2.9052 2.73961
../resized/307.png 0 2.78173 -3.09581
../resized/152.png 0 0.968614 -1.31014
../resized/257.png 0 6.18284 -6.62684
../resized/450.png 1 -5.21462 4.99246
../resized/587.png 0 6.66644 -7.10238
../resized/580.png 0 1.72323 -1.98514
../resized/294.png 0 4.28231 -4.58958
../resized/471.png 1 -1.5561 1.35553
../resized/053.png 0 8.06298 -8.53638
../resized/502.png 1 -4.63905 4.44188
../resized/077.png 1 -1.95969 1.77326
../resized/268.png 0 5.45562 -5.77516
../resized/050.png 0 7.81515 -8.24303
../resized/451.png 1 -0.381349 0.0953956
../resized/436.png 1 -3.40776 3.21613
../resized/211.png 0 14.1838 -14.914
../resized/299.png 0 6.10046 -6.45209
../resized/210.png 0 11.7206 -12.3311
../resized/086.png 0 7.78215 -8.34327
../resized/446.png 1 -4.19535 3.98088
../resized/562.png 1 -1.52299 1.31368
../resized/099.png 0 6.87043 -7.33146
../resized/377.png 1 -4.15639 3.89708
../resized/527.png 0 0.591574 -0.808656
../resized/183.png 0 10.1015 -10.6215
../resized/108.png 0 -0.0537396 -0.114682
../resized/425.png 1 -1.36228 1.18802
../resized/089.png 0 5.93841 -6.40634
../resized/395.png 1 -4.91026 4.62671
../resized/365.png 1 -1.66935 1.46105
../resized/276.png 1 -0.769111 0.618561
../resized/477.png 1 -4.5552 4.30859
../resized/344.png 1 -1.74826 1.58819
../resized/490.png 1 -0.957898 0.810417
../resized/155.png 0 3.15 -3.56614
../resized/400.png 0 6.5171 -6.94138
../resized/322.png 1 -0.943895 0.772326
../resized/186.png 0 8.35529 -8.78108
../resized/489.png 0 0.996354 -1.15955
../resized/506.png 1 -1.0078 0.877523
../resized/505.png 1 -5.40332 5.18858
../resized/277.png 0 1.95179 -2.15144
../resized/180.png 1 -3.75552 3.50455
../resized/128.png 1 -0.582844 0.385573
../resized/121.png 1 -1.69263 1.48476
../resized/057.png 0 10.0075 -10.5453
../resized/187.png 0 4.13535 -4.41865
../resized/469.png 1 -3.9744 3.72236
../resized/102.png 0 0.211261 -0.450662
../resized/518.png 0 3.15385 -3.41669
../resized/040.png 1 -2.16101 2.00802
../resized/166.png 1 -2.23973 2.05845
../resized/445.png 1 -6.92125 6.65291
../resized/148.png 1 -0.448371 0.180597
../resized/419.png 1 -3.17389 2.97907
../resized/106.png 0 1.8825 -2.15342
../resized/431.png 1 -5.0618 4.86057
../resized/041.png 1 -2.7891 2.58636
../resized/287.png 0 6.11512 -6.51693
../resized/279.png 0 0.73307 -0.890261
../resized/157.png 1 -1.37597 1.08015
../resized/085.png 0 3.2829 -3.60761
../resized/545.png 1 -1.61949 1.45622
../resized/583.png 1 -4.2986 3.96942
../resized/439.png 1 -4.02935 3.81954
../resized/055.png 0 5.00499 -5.36022
../resized/159.png 0 1.18925 -1.57452
../resized/393.png 1 -1.737 1.43569
../resized/169.png 1 -2.37633 2.16465
../resized/424.png 1 -0.273411 0.125353
../resized/092.png 0 5.64492 -6.10278
../resized/353.png 1 -6.278 5.88822
../resized/242.png 0 8.86888 -9.35925
../resized/281.png 0 4.53677 -4.83652
../resized/388.png 1 -4.9737 4.71909
../resized/031.png 1 -0.759284 0.66538
../resized/214.png 0 11.8286 -12.468
../resized/226.png 1 -1.55221 1.28979
../resized/237.png 1 -2.38851 2.12007
../resized/534.png 1 -6.64758 6.38606
../resized/154.png 0 0.860067 -1.17559
../resized/115.png 0 2.45663 -2.72611
../resized/567.png 0 2.06347 -2.37235
../resized/095.png 0 10.3697 -10.9848
../resized/138.png 0 1.0807 -1.32335
../resized/069.png 0 0.293455 -0.518934
../resized/494.png 0 5.22764 -5.66224
../resized/038.png 1 -3.13723 2.97133
../resized/073.png 0 2.07961 -2.318
../resized/228.png 1 -2.29396 2.08332
../resized/503.png 1 -5.10456 4.94417
../resized/243.png 0 7.45843 -7.92163
../resized/195.png 0 7.88143 -8.27683
../resized/521.png 0 3.47151 -3.79046
../resized/163.png 1 -4.44598 4.17721
../resized/442.png 1 -9.09786 8.77884
../resized/022.png 1 -0.182676 -0.101006
../resized/341.png 1 -2.22958 2.05909
../resized/493.png 0 2.10385 -2.38309
../resized/579.png 0 0.38611 -0.623317
../resized/517.png 0 0.697075 -0.888722
../resized/568.png 1 -4.02255 3.77932
../resized/048.png 0 9.78008 -10.2632
../resized/590.png 0 6.58314 -6.97579
../resized/233.png 1 -2.17867 1.92845
../resized/248.png 0 9.60713 -10.1413
../resized/286.png 0 7.6671 -8.11145
../resized/573.png 1 -5.54992 5.21768
../resized/285.png 0 3.25009 -3.58777
../resized/112.png 1 -3.58304 3.3316
../resized/384.png 1 -3.42154 3.11693
../resized/337.png 1 -1.49549 1.32995
../resized/474.png 1 -5.26302 4.99328
../resized/584.png 1 -4.56722 4.2512
../resized/191.png 0 4.26739 -4.53424
../resized/575.png 1 -3.04699 2.80686
../resized/079.png 0 0.00725151 -0.183968
../resized/003.png 0 0.858221 -1.1234
../resized/061.png 1 -3.02472 2.7871
../resized/113.png 1 -0.231243 0.00342337
../resized/225.png 1 -2.46412 2.22508
../resized/263.png 0 6.49734 -6.87648
../resized/247.png 0 8.89435 -9.40425
../resized/005.png 0 6.97974 -7.391
../resized/350.png 1 -1.78304 1.63707
../resized/209.png 0 10.7444 -11.3481
../resized/523.png 1 -1.4458 1.26478
../resized/284.png 0 7.13253 -7.53572
../resized/107.png 1 -3.84646 3.59801
../resized/208.png 0 11.0261 -11.6644
../resized/200.png 0 4.95337 -5.26686
../resized/168.png 1 -3.37573 3.14755
../resized/399.png 0 1.79775 -2.03069
../resized/472.png 1 -4.16697 3.88053
../resized/571.png 1 -3.47398 3.17145
../resized/495.png 0 3.19643 -3.52401
../resized/127.png 1 -1.56489 1.371
../resized/478.png 1 -2.99929 2.79815
../resized/482.png 1 -2.14311 1.92766
../resized/324.png 1 -0.606734 0.435172
../resized/013.png 0 2.68911 -3.05917
../resized/265.png 0 4.8627 -5.13049
../resized/219.png 0 11.6009 -12.2623
../resized/325.png 1 -3.2302 3.01734
../resized/141.png 1 -1.85623 1.58805
../resized/293.png 0 5.05892 -5.40211
../resized/282.png 0 6.2398 -6.64427
../resized/215.png 0 12.0472 -12.699
../resized/049.png 0 7.23404 -7.67066
../resized/252.png 0 6.22257 -6.67872
../resized/249.png 0 7.76781 -8.23942
../resized/189.png 0 7.14248 -7.54958
../resized/071.png 0 1.44555 -1.70308
../resized/002.png 0 0.696068 -0.959421
../resized/076.png 1 -2.3615 2.13717
../resized/479.png 1 -3.27287 3.07959
../resized/555.png 1 -2.81145 2.55512
../resized/100.png 0 8.36846 -8.87047
../resized/563.png 0 5.56658 -5.95288
../resized/434.png 1 -6.1994 5.97026
../resized/028.png 1 -1.73428 1.59037
../resized/386.png 1 -3.31475 3.09131
../resized/288.png 0 7.27872 -7.67851
../resized/433.png 1 -7.93711 7.66301
../resized/484.png 1 -4.39454 4.11458
../resized/352.png 1 -7.035 6.65091
../resized/052.png 0 7.37305 -7.83761
../resized/487.png 0 0.669014 -0.822588
../resized/361.png 0 2.24181 -2.61339
../resized/449.png 1 -2.88346 2.6675
../resized/250.png 0 8.85235 -9.34474
../resized/363.png 1 -3.42258 3.17542
../resized/025.png 1 -2.50885 2.37179
../resized/423.png 1 -2.2264 2.03748
../resized/354.png 1 -7.24487 6.81323
../resized/158.png 1 -3.74155 3.38899
../resized/188.png 0 2.72583 -2.93989
../resized/440.png 1 -2.3786 2.22104
../resized/329.png 1 -3.5655 3.32387
../resized/468.png 1 -2.59851 2.39018
../resized/212.png 0 10.4536 -11.0704
../resized/217.png 0 12.0964 -12.7628
../resized/441.png 1 -5.63344 5.39671
../resized/190.png 0 7.15997 -7.54391
../resized/098.png 0 7.34725 -7.7994
../resized/179.png 1 -3.01961 2.81693
../resized/497.png 0 6.94305 -7.3275
../resized/422.png 1 -2.26333 2.11486
../resized/111.png 1 -0.62201 0.393632
../resized/011.png 0 9.83796 -10.4127
../resized/058.png 0 7.72539 -8.2355
../resized/258.png 0 7.07874 -7.53701
../resized/410.png 1 -1.45282 1.23261
../resized/109.png 0 1.00028 -1.21463
../resized/167.png 1 -2.29326 2.09275
../resized/135.png 1 -3.84117 3.65795
../resized/588.png 0 6.04886 -6.45098
../resized/182.png 0 9.54204 -10.0192
../resized/056.png 0 6.60299 -7.02078
../resized/231.png 1 -2.42421 2.18527
../resized/110.png 0 0.686349 -0.944417
../resized/418.png 1 -1.46416 1.28603
../resized/181.png 0 6.31675 -6.6702
../resized/349.png 1 -2.7584 2.55766
../resized/496.png 0 0.679635 -0.855311
../resized/232.png 1 -1.70439 1.44745
../resized/020.png 0 2.58735 -2.97149
../resized/535.png 1 -4.29954 4.09963
../resized/230.png 1 -2.14621 1.89291
../resized/591.png 1 -2.23684 2.00879
../resized/407.png 1 -6.29277 6.00314
../resized/213.png 0 15.7515 -16.5333
../resized/266.png 0 1.63817 -1.85667
../resized/082.png 0 6.67393 -7.13315
../resized/338.png 1 -2.45224 2.28982
../resized/156.png 1 -2.42805 2.13401
../resized/010.png 0 5.78311 -6.19031
../resized/012.png 0 1.18883 -1.49283
../resized/078.png 0 0.970329 -1.18742
../resized/122.png 0 2.05448 -2.2924
../resized/409.png 1 -4.20155 3.9778
../resized/047.png 0 2.12663 -2.37014
../resized/026.png 1 -2.20036 2.03805
../resized/120.png 0 0.0545225 -0.300354
../resized/314.png 1 -3.14842 2.88651
../resized/569.png 1 -1.50965 1.26934
../resized/520.png 0 3.99629 -4.32883
../resized/133.png 1 -1.02062 0.828289
../resized/345.png 1 -2.51443 2.35377
../resized/244.png 0 4.66982 -5.02933
../resized/039.png 0 0.485191 -0.656039
../resized/088.png 0 7.09053 -7.60692
../resized/594.png 1 -3.26593 3.03457
../resized/160.png 1 -0.295258 -0.0327238
../resized/536.png 1 -9.02401 8.66942
../resized/499.png 0 4.47833 -4.78535
../resized/357.png 1 -1.5081 1.19342
../resized/403.png 1 -3.31777 3.19141
../resized/060.png 0 4.86508 -5.20989
../resized/290.png 0 6.04429 -6.40028
../resized/059.png 0 10.2935 -10.8315
../resized/118.png 1 -3.08251 2.87629
../resized/430.png 1 -4.93498 4.68704
../resized/251.png 0 4.7116 -5.04889
../resized/269.png 0 3.51929 -3.79012
../resized/454.png 1 -1.57394 1.31201
../resized/453.png 1 -4.43255 4.16523
../resized/032.png 1 -3.07486 2.90148
../resized/370.png 1 -4.40656 4.13821
../resized/001.png 1 -2.2461 2.02569
../resized/317.png 1 -5.00999 4.67487
../resized/271.png 0 2.57919 -2.80768
../resized/207.png 0 12.3383 -13.001
../resized/369.png 1 -6.25613 5.90966
../resized/593.png 1 -3.25181 3.01509
../resized/072.png 1 -2.09795 1.87035
../resized/396.png 1 -0.618628 0.426602
../resized/539.png 0 5.61212 -5.98237
../resized/392.png 1 -4.64806 4.32137
../resized/589.png 0 5.77546 -6.20387
../resized/278.png 0 4.02372 -4.28151
../resized/104.png 0 2.59993 -2.88284
../resized/270.png 0 3.77972 -4.0711
../resized/134.png 0 0.100987 -0.286074
../resized/017.png 0 4.16225 -4.51389
../resized/303.png 1 -4.19043 3.98209
../resized/114.png 0 0.17732 -0.417899
../resized/362.png 1 -1.8081 1.60175
../resized/464.png 1 -1.23722 1.05284
../resized/223.png 1 -2.1958 1.93764
../resized/559.png 1 -0.919829 0.5266
../resized/412.png 1 -0.985021 0.7484
../resized/074.png 1 -0.528327 0.323963
../resized/566.png 0 0.790015 -1.02592
../resized/205.png 0 13.0597 -13.7672
../resized/295.png 0 5.4749 -5.84421
../resized/235.png 1 -2.10289 1.85464
../resized/481.png 1 -0.946852 0.72961
../resized/373.png 1 -3.31049 3.03022
../resized/105.png 1 -2.47869 2.24723
../resized/262.png 0 2.33867 -2.54444
../resized/185.png 0 5.50082 -5.82614
../resized/473.png 1 -4.01069 3.72608
../resized/405.png 1 -7.42728 7.15793
